   3.2907819e-05
   3.7141848e-05
   4.2061808e-05
   4.2061808e-05
   4.2192983e-05
   4.2192983e-05
   4.4452392e-05
   5.4500253e-05
   5.6500271e-05
   5.7496497e-05
   6.0227617e-05
   6.3602085e-05
   6.5388221e-05
   6.6259413e-05
   7.0571233e-05
   7.1208532e-05
   8.0338682e-05
   8.3942267e-05
   8.5502843e-05
   9.0548830e-05
   9.0548830e-05
   9.0548830e-05
   9.3512769e-05
   9.3512769e-05
   9.5853025e-05
   1.0028612e-04
   1.0028612e-04
   1.0698509e-04
   1.1267205e-04
   1.1267205e-04
   1.1641196e-04
   1.1641196e-04
   1.1814464e-04
   1.1814464e-04
   1.1926762e-04
   1.2182504e-04
   1.3037741e-04
   1.3037741e-04
   1.3037741e-04
   1.3037741e-04
   1.3192156e-04
   1.3542612e-04
   1.3689311e-04
   1.3882284e-04
   1.4552922e-04
   1.4552922e-04
   1.5138638e-04
   1.5229205e-04
   1.5286534e-04
   1.5601985e-04
   1.5601985e-04
   1.6228019e-04
   1.6228019e-04
   1.6228019e-04
   1.6851609e-04
   1.6851609e-04
   1.7178931e-04
   1.7234252e-04
   1.7806515e-04
   1.8165791e-04
   1.8165791e-04
   1.8435309e-04
   1.8791707e-04
   1.9222601e-04
   2.0353190e-04
   2.0666704e-04
   2.1206556e-04
   2.1844849e-04
   2.1898408e-04
   2.1898408e-04
   2.1898408e-04
   2.2906741e-04
   2.3159973e-04
   2.3159973e-04
   2.5087784e-04
   2.5087784e-04
   2.5087784e-04
   2.5313738e-04
   2.6072294e-04
   2.6072294e-04
   2.6072294e-04
   2.6359695e-04
   2.6599168e-04
   2.6599168e-04
   2.6692860e-04
   2.7183663e-04
   2.7277338e-04
   2.7748066e-04
   2.8062513e-04
   2.9009101e-04
   2.9846949e-04
   3.0328933e-04
   3.0713981e-04
   3.0713981e-04
   3.0713981e-04
   3.3579541e-04
   3.4175031e-04
   3.6362083e-04
   3.7820202e-04
   4.2451457e-04
   4.7944458e-04
   4.7944458e-04
   4.7944458e-04
   5.0050359e-04
   5.0050359e-04
   5.1239233e-04
   5.3529515e-04
   5.3529515e-04
   5.5949815e-04
   5.5949815e-04
   5.5949815e-04
   5.5949815e-04
   5.8137880e-04
   6.0642768e-04
   6.8543905e-04
   6.9034932e-04
   6.9034932e-04
   7.0462437e-04
   7.0462437e-04
   7.2734293e-04
   8.5671073e-04
   8.5671073e-04
   9.3397676e-04
   9.3521446e-04
   9.4486778e-04
   9.8277828e-04
   9.9436602e-04
   9.9436602e-04
   1.0589310e-03
   1.0589310e-03
   1.0744148e-03
   1.0917866e-03
   1.1370408e-03
   1.1370408e-03
   1.2018263e-03
   1.2018263e-03
   1.2384955e-03
   1.2384955e-03
   1.2828485e-03
   1.2828485e-03
   1.3133547e-03
   1.3477265e-03
   1.3477265e-03
   1.3793535e-03
   1.3793535e-03
   1.3793535e-03
   1.3862826e-03
   1.3923653e-03
   1.4109585e-03
   1.4309323e-03
   1.4753326e-03
   1.4833532e-03
   1.5327506e-03
   1.5471179e-03
   1.5471179e-03
   1.5753783e-03
   1.5753783e-03
   1.5926891e-03
   1.5994116e-03
   1.6068607e-03
   1.6142216e-03
   1.6142216e-03
   1.6275748e-03
   1.6275748e-03
   1.6556998e-03
   1.6595386e-03
   1.6595386e-03
   1.6636679e-03
   1.6953757e-03
   1.7097883e-03
   1.7097883e-03
   1.7097883e-03
   1.7097883e-03
   1.7290593e-03
   1.7318578e-03
   1.7319995e-03
   1.7350635e-03
   1.7509567e-03
   1.7666866e-03
   1.7907154e-03
   1.8093530e-03
   1.8093530e-03
   1.8252635e-03
   1.8464265e-03
   1.8631961e-03
   1.8631961e-03
   1.8878406e-03
   1.8878406e-03
   1.9165868e-03
   1.9165868e-03
   1.9177497e-03
   1.9502447e-03
   1.9502447e-03
   1.9681568e-03
   1.9681568e-03
   1.9911807e-03
   1.9911807e-03
   1.9975187e-03
   2.0108504e-03
   2.0212328e-03
   2.0265479e-03
   2.0340203e-03
   2.0615129e-03
   2.0615129e-03
   2.0661699e-03
   2.0693041e-03
   2.1051441e-03
   2.1051441e-03
   2.1051441e-03
   2.1051441e-03
   2.1231331e-03
   2.1567493e-03
   2.1660745e-03
   2.2079640e-03
   2.2271473e-03
   2.2271473e-03
   2.2755796e-03
   2.3838531e-03
   2.3972181e-03
   2.3972181e-03
   2.4853183e-03
   2.5919963e-03
   2.6464564e-03
   2.7459526e-03
   3.2068956e-03
   4.2740852e-03
   6.2661150e-03
   6.2772652e-03
   6.2772652e-03
   6.6005062e-03
   6.6005062e-03
   6.6827807e-03
   6.6827807e-03
   6.6827807e-03
   6.9090030e-03
   7.1373566e-03
   7.5694927e-03
   8.8227786e-03
   8.8227786e-03
   9.1959468e-03
   9.1959468e-03
   9.3606270e-03
   1.0089657e-02
   1.0116959e-02
   1.0293714e-02
   1.0931111e-02
   1.2010334e-02
   1.2010334e-02
   1.2010334e-02
   1.2493247e-02
   1.2493247e-02
   1.2945349e-02
   1.3078653e-02
   1.3078653e-02
   1.3529460e-02
   1.3560784e-02
   1.4139541e-02
   1.5134940e-02
   1.7275470e-02
   1.7978869e-02
   1.9159454e-02
   1.9805217e-02
   1.9805217e-02
   2.0965334e-02
   2.2344914e-02
   2.2344914e-02
   2.3296981e-02
   2.3995918e-02
   2.3995918e-02
   2.3995918e-02
   2.3995918e-02
   2.4133214e-02
   2.5131583e-02
   2.5131583e-02
   2.5131583e-02
   2.5965378e-02
   2.6384083e-02
   2.7401318e-02
   2.7401318e-02
   2.7401318e-02
   2.7401318e-02
   2.8070060e-02
   2.8279764e-02
   2.8645230e-02
   2.8706246e-02
   2.9408860e-02
   3.0015247e-02
   3.0039398e-02
   3.0905482e-02
   3.2313810e-02
   3.2313810e-02
   3.2313810e-02
   3.2943236e-02
   3.3871406e-02
   3.4503323e-02
   3.4829703e-02
   3.4829703e-02
   3.5543774e-02
   3.5997590e-02
   3.7054707e-02
   3.8389113e-02
   3.8756454e-02
   3.8756454e-02
   3.9204017e-02
   3.9204017e-02
   3.9467137e-02
   4.0502067e-02
   4.0867579e-02
   4.2363382e-02
   4.4474849e-02
   4.4474849e-02
   4.4474849e-02
   4.4474849e-02
   4.5211581e-02
   4.5211581e-02
   4.5840863e-02
   4.6583544e-02
   4.6627589e-02
   4.7592829e-02
   4.8152237e-02
   4.8929522e-02
   4.8929522e-02
   4.9823503e-02
   5.1942828e-02
   5.1942828e-02
   5.2091575e-02
   5.3589974e-02
   5.6115770e-02
   5.7843535e-02
   5.9796399e-02
   6.0217342e-02
   6.3683188e-02
   6.9853349e-02
   7.2451222e-02
   7.2451222e-02
   7.2492026e-02
   7.3599750e-02
   7.8112102e-02
   7.8804900e-02
   8.1768022e-02
   8.4259323e-02
   8.7382068e-02
   8.7382068e-02
   8.9434729e-02
   8.9751688e-02
   9.4163329e-02
   9.4163329e-02
   9.5229091e-02
   9.5229091e-02
   9.7651863e-02
   9.7658262e-02
   1.0302508e-01
   1.0302508e-01
   1.0302508e-01
   1.0651961e-01
   1.0651961e-01
   1.0685243e-01
   1.0828720e-01
   1.1049378e-01
   1.1277192e-01
   1.1277192e-01
   1.1492997e-01
   1.1815238e-01
   1.1815238e-01
   1.1815238e-01
   1.2640476e-01
   1.2640476e-01
   1.2787443e-01
   1.2787443e-01
   1.2798087e-01
   1.2798087e-01
   1.2798087e-01
   1.2992677e-01
   1.3005713e-01
   1.3006532e-01
   1.3336683e-01
   1.3336683e-01
   1.3336683e-01
   1.3607724e-01
   1.3607724e-01
   1.3607724e-01
   1.3903527e-01
   1.4037441e-01
   1.4053748e-01
   1.4313454e-01
   1.4704096e-01
   1.4704096e-01
   1.4704096e-01
   1.4704096e-01
   1.4704096e-01
   1.4760479e-01
   1.4852761e-01
   1.4852761e-01
   1.5021277e-01
   1.5054834e-01
   1.5081536e-01
   1.5106597e-01
   1.5249985e-01
   1.5519250e-01
   1.5519250e-01
   1.5519250e-01
   1.5519250e-01
   1.5581613e-01
   1.5581613e-01
   1.5581613e-01
   1.5950172e-01
   1.5950172e-01
   1.6060729e-01
   1.6357993e-01
   1.6464365e-01
   1.6730364e-01
   1.6944154e-01
   1.7884805e-01
   1.8431641e-01
   1.8756992e-01
   1.9238754e-01
   1.9843763e-01
   2.0087966e-01
   2.0087966e-01
   2.0625804e-01
   2.0883204e-01
   2.0891401e-01
   2.0931033e-01
   2.1043895e-01
   2.1401711e-01
   2.1401711e-01
   2.1401711e-01
   2.2131555e-01
   2.2131555e-01
   2.2149475e-01
   2.2149475e-01
   2.2617859e-01
   2.2617859e-01
   2.2617859e-01
   2.3094959e-01
   2.3094959e-01
   2.3159052e-01
   2.3159052e-01
   2.3159052e-01
   2.3293631e-01
   2.3293631e-01
   2.3695089e-01
   2.3695089e-01
   2.3695089e-01
   2.3695089e-01
   2.3695089e-01
   2.3695089e-01
   2.3695089e-01
   2.3744912e-01
   2.3980516e-01
   2.4023291e-01
   2.4023291e-01
   2.4030833e-01
   2.4299439e-01
   2.4376730e-01
   2.4403779e-01
   2.4532655e-01
   2.4603790e-01
   2.4825674e-01
   2.5131067e-01
   2.5380745e-01
   2.5380745e-01
   2.5411819e-01
   2.5995973e-01
   2.5995973e-01
   2.5995973e-01
   2.5995973e-01
   2.6647003e-01
   2.6647003e-01
   2.6647003e-01
   2.6647003e-01
   2.6663371e-01
   2.6717514e-01
   2.6896905e-01
   2.6896905e-01
   2.6896905e-01
   2.6896905e-01
   2.6947579e-01
   2.7048259e-01
   2.7115564e-01
   2.7147032e-01
   2.7214589e-01
   2.7269015e-01
   2.7269015e-01
   2.7334832e-01
   2.7334832e-01
   2.7334832e-01
   2.7490577e-01
   2.7491222e-01
   2.7493924e-01
   2.7493924e-01
   2.7659109e-01
   2.7660250e-01
   2.7684975e-01
   2.7687631e-01
   2.7849950e-01
   2.7849950e-01
   2.7997005e-01
   2.7997005e-01
   2.7997005e-01
   2.8096553e-01
   2.8101622e-01
   2.8282894e-01
   2.8282894e-01
   2.8282894e-01
   2.8282894e-01
   2.8282894e-01
   2.8282894e-01
   2.8282894e-01
   2.8319263e-01
   2.8452136e-01
   2.8455142e-01
   2.8533453e-01
   2.8576005e-01
   2.8576005e-01
   2.8576005e-01
   2.8740696e-01
   2.9120229e-01
   2.9435944e-01
   2.9780985e-01
   3.0419851e-01
   3.0419851e-01
   3.0487513e-01
   3.0487513e-01
   3.0487513e-01
   3.0487513e-01
   3.0487513e-01
   3.0519962e-01
   3.0528859e-01
   3.0528859e-01
   3.0581543e-01
   3.0581543e-01
   3.0623802e-01
   3.0623802e-01
   3.0623802e-01
   3.0677033e-01
   3.0677033e-01
   3.0689044e-01
   3.0717858e-01
   3.0759985e-01
   3.0759985e-01
   3.0766799e-01
   3.0841383e-01
   3.0892997e-01
   3.0945216e-01
   3.0945216e-01
   3.0965470e-01
   3.1018374e-01
   3.1026371e-01
   3.1026371e-01
   3.1053038e-01
   3.1112554e-01
   3.1112554e-01
   3.1130991e-01
   3.1130991e-01
   3.1179968e-01
   3.1179968e-01
   3.1180704e-01
   3.1241104e-01
   3.1241104e-01
   3.1242726e-01
   3.1265218e-01
   3.1302756e-01
   3.1310637e-01
   3.1365735e-01
   3.1365735e-01
   3.1365735e-01
   3.1365735e-01
   3.1365735e-01
   3.1365735e-01
   3.1434013e-01
   3.1434013e-01
   3.1479715e-01
   3.1479715e-01
   3.1479715e-01
   3.1498265e-01
   3.1507665e-01
   3.1536883e-01
   3.1536883e-01
   3.1536883e-01
   3.1542534e-01
   3.1561549e-01
   3.1575152e-01
   3.1575152e-01
   3.1578970e-01
   3.1581602e-01
   3.1581602e-01
   3.1595455e-01
   3.1595562e-01
   3.1595562e-01
   3.1608066e-01
   3.1668633e-01
   3.1668633e-01
   3.1668633e-01
   3.1677546e-01
   3.1684018e-01
   3.1684018e-01
   3.1691107e-01
   3.1691107e-01
   3.1691107e-01
   3.1705742e-01
   3.1737938e-01
   3.1737938e-01
   3.1737938e-01
   3.1737938e-01
   3.1737938e-01
   3.1739644e-01
   3.1739644e-01
   3.1739644e-01
   3.1755652e-01
   3.1760299e-01
   3.1764785e-01
   3.1764785e-01
   3.1776388e-01
   3.1776388e-01
   3.1779618e-01
   3.1784710e-01
   3.1795777e-01
   3.1795777e-01
   3.1797614e-01
   3.1802612e-01
   3.1820877e-01
   3.1821721e-01
   3.1832094e-01
   3.1832094e-01
   3.1849957e-01
   3.1862410e-01
   3.1862410e-01
   3.1881315e-01
   3.1881748e-01
   3.1906338e-01
   3.1925798e-01
   3.1925798e-01
   3.1931284e-01
   3.1940403e-01
   3.1953814e-01
   3.1978672e-01
   3.1978672e-01
   3.2000311e-01
   3.2012653e-01
   3.2012653e-01
   3.2068304e-01
   3.2107096e-01
   3.2122628e-01
   3.2132517e-01
   3.2132517e-01
   3.2187038e-01
   3.2187038e-01
   3.2187038e-01
   3.2188913e-01
   3.2196365e-01
   3.2200116e-01
   3.2217971e-01
   3.2272046e-01
   3.2306113e-01
   3.2306113e-01
   3.2354664e-01
   3.2418744e-01
   3.2444056e-01
   3.2452607e-01
   3.2499768e-01
   3.2530242e-01
   3.2638265e-01
   3.2776303e-01
   3.3107004e-01
   3.3305104e-01
   3.3733447e-01
   3.4276190e-01
   3.5662427e-01
   3.7721398e-01
   4.0513034e-01
   4.5149230e-01
   5.3168052e-01
   7.4093180e-01
   8.8867054e-01
   8.8867054e-01
   8.8867054e-01
   8.8867054e-01
   8.8867054e-01
   8.8867054e-01
   8.8867054e-01
   8.8867054e-01
   8.8867054e-01
   8.8891722e-01
   8.9174461e-01
   8.9174461e-01
   8.9174461e-01
   8.9174461e-01
   8.9271701e-01
   8.9271701e-01
   8.9271701e-01
   8.9271701e-01
   8.9271701e-01
   8.9271701e-01
   8.9271701e-01
   8.9356097e-01
   8.9515931e-01
   8.9515931e-01
   8.9515931e-01
   8.9515931e-01
   8.9520802e-01
   8.9520802e-01
   8.9520802e-01
   8.9520802e-01
   8.9579099e-01
   8.9579099e-01
   8.9579099e-01
   8.9579099e-01
   8.9629771e-01
   8.9698187e-01
   8.9705399e-01
   8.9747563e-01
   8.9747563e-01
   8.9809908e-01
   8.9809908e-01
   8.9832668e-01
   8.9835357e-01
   8.9848831e-01
   8.9848831e-01
   8.9848831e-01
   8.9974780e-01
   8.9974780e-01
   8.9974780e-01
   8.9974780e-01
   9.0019402e-01
   9.0019402e-01
   9.0019402e-01
   9.0023989e-01
   9.0023989e-01
   9.0023989e-01
   9.0032567e-01
   9.0062354e-01
   9.0086840e-01
   9.0124912e-01
   9.0149084e-01
   9.0208265e-01
   9.0243358e-01
   9.0243358e-01
   9.0243358e-01
   9.0255542e-01
   9.0263851e-01
   9.0292820e-01
   9.0336558e-01
   9.0373114e-01
   9.0454917e-01
   9.0486076e-01
   9.0508259e-01
   9.0551941e-01
   9.0617494e-01
   9.0617494e-01
   9.0617494e-01
   9.0718499e-01
   9.0718499e-01
   9.0718499e-01
   9.0730843e-01
   9.0758095e-01
   9.0758095e-01
   9.0760249e-01
   9.0770511e-01
   9.0878942e-01
   9.0924868e-01
   9.0924868e-01
   9.0972497e-01
   9.1140265e-01
   9.1298406e-01
   9.1534089e-01
   9.1534089e-01
   9.1667566e-01
   9.1735081e-01
   9.1790043e-01
   9.1981610e-01
   9.2255505e-01
   9.2255505e-01
   9.2567448e-01
   9.2939938e-01
   9.3486626e-01
   9.4179941e-01
   9.4203167e-01
   9.4492186e-01
   9.4492186e-01
   9.4492186e-01
   9.4651554e-01
   9.5455854e-01
   9.6425230e-01
   9.6549300e-01
   9.6549300e-01
   9.6549300e-01
   9.6928628e-01
   9.6928628e-01
   9.6928628e-01
   9.6928628e-01
   9.6928628e-01
   9.6928628e-01
   9.6928628e-01
   9.6928628e-01
   9.6928628e-01
   9.7008777e-01
   9.7018660e-01
   9.7018660e-01
   9.7018660e-01
   9.7066682e-01
   9.7077752e-01
   9.7077752e-01
   9.7128543e-01
   9.7129430e-01
   9.7232139e-01
   9.7232139e-01
   9.7278819e-01
   9.7278819e-01
   9.7278819e-01
   9.7278819e-01
   9.7278819e-01
   9.7307401e-01
   9.7361108e-01
   9.7433756e-01
   9.7498418e-01
   9.7498418e-01
   9.7498418e-01
   9.7498418e-01
   9.7535484e-01
   9.7564987e-01
   9.7564987e-01
   9.7564987e-01
   9.7564987e-01
   9.7564987e-01
   9.7564987e-01
   9.7582394e-01
   9.7592591e-01
   9.7600060e-01
   9.7604597e-01
   9.7604597e-01
   9.7605770e-01
   9.7605770e-01
   9.7607242e-01
   9.7640140e-01
   9.7641157e-01
   9.7641157e-01
   9.7668620e-01
   9.7668620e-01
   9.7681796e-01
   9.7681796e-01
   9.7684984e-01
   9.7684984e-01
   9.7684984e-01
   9.7716674e-01
   9.7721245e-01
   9.7721245e-01
   9.7730424e-01
   9.7730424e-01
   9.7730424e-01
   9.7734533e-01
   9.7738074e-01
   9.7752656e-01
   9.7773436e-01
   9.7773436e-01
   9.7773436e-01
   9.7775756e-01
   9.7775756e-01
   9.7779981e-01
   9.7784591e-01
   9.7784591e-01
   9.7784591e-01
   9.7784858e-01
   9.7796457e-01
   9.7805457e-01
   9.7820681e-01
   9.7820681e-01
   9.7824192e-01
   9.7824192e-01
   9.7828063e-01
   9.7828212e-01
   9.7828212e-01
   9.7828212e-01
   9.7842937e-01
   9.7842937e-01
   9.7842937e-01
   9.7842937e-01
   9.7842937e-01
   9.7845188e-01
   9.7845188e-01
   9.7851129e-01
   9.7855749e-01
   9.7855749e-01
   9.7865743e-01
   9.7865743e-01
   9.7877214e-01
   9.7877214e-01
   9.7877214e-01
   9.7877214e-01
   9.7884215e-01
   9.7885927e-01
   9.7904709e-01
   9.7913971e-01
   9.7913971e-01
   9.7921735e-01
   9.7924585e-01
   9.7936539e-01
   9.7936539e-01
   9.7936539e-01
   9.7936539e-01
   9.7936539e-01
   9.7940079e-01
   9.7942286e-01
   9.7942286e-01
   9.7944456e-01
   9.7944456e-01
   9.7944456e-01
   9.7944456e-01
   9.7946573e-01
   9.7946573e-01
   9.7946573e-01
   9.7949260e-01
   9.7951570e-01
   9.7952166e-01
   9.7955441e-01
   9.7955441e-01
   9.7955441e-01
   9.7955441e-01
   9.7959603e-01
   9.7959603e-01
   9.7961463e-01
   9.7961463e-01
   9.7962267e-01
   9.7962690e-01
   9.7965352e-01
   9.7967302e-01
   9.7968140e-01
   9.7968360e-01
   9.7969523e-01
   9.7970325e-01
   9.7970911e-01
   9.7971927e-01
   9.7973217e-01
   9.7974373e-01
   9.7974373e-01
   9.7977605e-01
   9.7978926e-01
   9.7981411e-01
   9.7985483e-01
   9.7986226e-01
   9.7987459e-01
   9.7993537e-01
   9.8003845e-01
   9.8025430e-01
   9.8044666e-01
   9.8044666e-01
   9.8068597e-01
   9.8119113e-01
   9.8248572e-01
   9.8431817e-01
   9.8600544e-01
   9.8896321e-01
   9.9131217e-01
   9.9185563e-01
   9.9521739e-01
   9.9526134e-01
   9.9526134e-01
   9.9526134e-01
   9.9534339e-01
   9.9534339e-01
   9.9534339e-01
   9.9545901e-01
   9.9549103e-01
   9.9549103e-01
   9.9549103e-01
   9.9553380e-01
   9.9563817e-01
   9.9563817e-01
   9.9575669e-01
   9.9575669e-01
   9.9575669e-01
   9.9576799e-01
   9.9581606e-01
   9.9603204e-01
   9.9603204e-01
   9.9606713e-01
   9.9606713e-01
   9.9606713e-01
   9.9606713e-01
   9.9609078e-01
   9.9611894e-01
   9.9611894e-01
   9.9614606e-01
   9.9623725e-01
   9.9636231e-01
   9.9645976e-01
   9.9645976e-01
   9.9646149e-01
   9.9662332e-01
   9.9662332e-01
   9.9662516e-01
   9.9669377e-01
   9.9669377e-01
   9.9670258e-01
   9.9670258e-01
   9.9670258e-01
   9.9680698e-01
   9.9680698e-01
   9.9680698e-01
   9.9685147e-01
   9.9685922e-01
   9.9689484e-01
   9.9700626e-01
   9.9700709e-01
   9.9700709e-01
   9.9705117e-01
   9.9705953e-01
   9.9705953e-01
   9.9709566e-01
   9.9709566e-01
   9.9713568e-01
   9.9713568e-01
   9.9714950e-01
   9.9714950e-01
   9.9714950e-01
   9.9714950e-01
   9.9714950e-01
   9.9718095e-01
   9.9718095e-01
   9.9719311e-01
   9.9723072e-01
   9.9730366e-01
   9.9731291e-01
   9.9731291e-01
   9.9731366e-01
   9.9740487e-01
   9.9745078e-01
   9.9750493e-01
   9.9750493e-01
   9.9752723e-01
   9.9752723e-01
   9.9752865e-01
   9.9754248e-01
   9.9766923e-01
   9.9781384e-01
   9.9788724e-01
   9.9812120e-01
   9.9825123e-01
   9.9825123e-01
   9.9828447e-01
   9.9828447e-01
   9.9828447e-01
   9.9828447e-01
   9.9832730e-01
   9.9835660e-01
   9.9836263e-01
   9.9837918e-01
   9.9839678e-01
   9.9840948e-01
   9.9841795e-01
   9.9845299e-01
   9.9846044e-01
   9.9846044e-01
   9.9846044e-01
   9.9846269e-01
   9.9846987e-01
   9.9848193e-01
   9.9851258e-01
   9.9851258e-01
   9.9851258e-01
   9.9851258e-01
   9.9852118e-01
   9.9852118e-01
   9.9852118e-01
   9.9852510e-01
   9.9854099e-01
   9.9855744e-01
   9.9855744e-01
   9.9855744e-01
   9.9856173e-01
   9.9857373e-01
   9.9857880e-01
   9.9858084e-01
   9.9859633e-01
   9.9859895e-01
   9.9860032e-01
   9.9860051e-01
   9.9861024e-01
   9.9863162e-01
   9.9863162e-01
   9.9863162e-01
   9.9863835e-01
   9.9863835e-01
   9.9863835e-01
   9.9864304e-01
   9.9866368e-01
   9.9867976e-01
   9.9869158e-01
   9.9869158e-01
   9.9870169e-01
   9.9870169e-01
   9.9870169e-01
   9.9870606e-01
   9.9870606e-01
   9.9870807e-01
   9.9871389e-01
   9.9871496e-01
   9.9871994e-01
   9.9872313e-01
   9.9872922e-01
   9.9872922e-01
   9.9873632e-01
   9.9874203e-01
   9.9874487e-01
   9.9874487e-01
   9.9874718e-01
   9.9874718e-01
   9.9874965e-01
   9.9875632e-01
   9.9875857e-01
   9.9876388e-01
   9.9877284e-01
   9.9878629e-01
   9.9878683e-01
   9.9879707e-01
   9.9879707e-01
   9.9880707e-01
   9.9880737e-01
   9.9880737e-01
   9.9880737e-01
   9.9880946e-01
   9.9881597e-01
   9.9883399e-01
   9.9884357e-01
   9.9884357e-01
   9.9886754e-01
   9.9887663e-01
   9.9887663e-01
   9.9888030e-01
   9.9888207e-01
   9.9889213e-01
   9.9889213e-01
   9.9889459e-01
   9.9889459e-01
   9.9889459e-01
   9.9889459e-01
   9.9889615e-01
   9.9890197e-01
   9.9890857e-01
   9.9890857e-01
   9.9890966e-01
   9.9890966e-01
   9.9891133e-01
   9.9891133e-01
   9.9891133e-01
   9.9891653e-01
   9.9891653e-01
   9.9891653e-01
   9.9891653e-01
   9.9892020e-01
   9.9892020e-01
   9.9892294e-01
   9.9892294e-01
   9.9892447e-01
   9.9892873e-01
   9.9892924e-01
   9.9892924e-01
   9.9892924e-01
   9.9893259e-01
   9.9893259e-01
   9.9893857e-01
   9.9893857e-01
   9.9893978e-01
   9.9893978e-01
   9.9894177e-01
   9.9894383e-01
   9.9894383e-01
   9.9894418e-01
   9.9894729e-01
   9.9894729e-01
   9.9894729e-01
   9.9894855e-01
   9.9894855e-01
   9.9894855e-01
   9.9894855e-01
   9.9894981e-01
   9.9895131e-01
   9.9895166e-01
   9.9895282e-01
   9.9895282e-01
   9.9895445e-01
   9.9895445e-01
   9.9895445e-01
   9.9895445e-01
   9.9895555e-01
   9.9895555e-01
   9.9895638e-01
   9.9895708e-01
   9.9895716e-01
   9.9895778e-01
   9.9896172e-01
   9.9896301e-01
   9.9896698e-01
   9.9896698e-01
   9.9896842e-01
   9.9896842e-01
   9.9897014e-01
   9.9897065e-01
   9.9897186e-01
   9.9897186e-01
   9.9897186e-01
   9.9897186e-01
   9.9897258e-01
   9.9897376e-01
   9.9897387e-01
   9.9897387e-01
   9.9897559e-01
   9.9897682e-01
   9.9897819e-01
   9.9898009e-01
   9.9898009e-01
   9.9898012e-01
   9.9898028e-01
   9.9898028e-01
   9.9898028e-01
   9.9898055e-01
   9.9898055e-01
   9.9898127e-01
   9.9898127e-01
   9.9898157e-01
   9.9898165e-01
   9.9898178e-01
   9.9898433e-01
   9.9898433e-01
   9.9898511e-01
   9.9898685e-01
   9.9898706e-01
   9.9898706e-01
   9.9898892e-01
   9.9899034e-01
   9.9899034e-01
   9.9899052e-01
   9.9899090e-01
   9.9899125e-01
   9.9899125e-01
   9.9899275e-01
   9.9899393e-01
   9.9899506e-01
   9.9899506e-01
   9.9899782e-01
   9.9900630e-01
   9.9901233e-01
   9.9901233e-01
   9.9901421e-01
   9.9901421e-01
   9.9901421e-01
   9.9901421e-01
   9.9901590e-01
   9.9901874e-01
   9.9901874e-01
   9.9901874e-01
   9.9901874e-01
   9.9902199e-01
   9.9902421e-01
   9.9902421e-01
   9.9902663e-01
   9.9902663e-01
   9.9902791e-01
   9.9903070e-01
   9.9903540e-01
   9.9904237e-01
   9.9904889e-01
   9.9905077e-01
   9.9905141e-01
   9.9905670e-01
   9.9906571e-01
   9.9908835e-01
   9.9910488e-01
   9.9913313e-01
   9.9915349e-01
   9.9920962e-01
   9.9927800e-01
   9.9932282e-01
   9.9932652e-01
   9.9935274e-01
   9.9935597e-01
   9.9935597e-01
   9.9935597e-01
   9.9935597e-01
   9.9935597e-01
   9.9935597e-01
   9.9935597e-01
   9.9935597e-01
   9.9935597e-01
   9.9935597e-01
   9.9935597e-01
   9.9935597e-01
   9.9935744e-01
   9.9935744e-01
   9.9935744e-01
   9.9935760e-01
   9.9935908e-01
   9.9935927e-01
   9.9935927e-01
   9.9935927e-01
   9.9935927e-01
   9.9935999e-01
   9.9935999e-01
   9.9936023e-01
   9.9936023e-01
   9.9936023e-01
   9.9936023e-01
   9.9936047e-01
   9.9936047e-01
   9.9936047e-01
   9.9936090e-01
   9.9936090e-01
   9.9936117e-01
   9.9936117e-01
   9.9936117e-01
   9.9936147e-01
   9.9936206e-01
   9.9936206e-01
   9.9936227e-01
   9.9936230e-01
   9.9936230e-01
   9.9936254e-01
   9.9936254e-01
   9.9936254e-01
   9.9936286e-01
   9.9936343e-01
   9.9936372e-01
   9.9936426e-01
   9.9936450e-01
   9.9936450e-01
   9.9936528e-01
   9.9936528e-01
   9.9936517e-01
   9.9936517e-01
   9.9936517e-01
   9.9936533e-01
   9.9936547e-01
   9.9936547e-01
   9.9936576e-01
   9.9936595e-01
   9.9936595e-01
   9.9936616e-01
   9.9936641e-01
   9.9936667e-01
   9.9936667e-01
   9.9936667e-01
   9.9936667e-01
   9.9936667e-01
   9.9936667e-01
   9.9936694e-01
   9.9936710e-01
   9.9936710e-01
   9.9936716e-01
   9.9936716e-01
   9.9936716e-01
   9.9936724e-01
   9.9936737e-01
   9.9936756e-01
   9.9936767e-01
   9.9936767e-01
   9.9936767e-01
   9.9936786e-01
   9.9936802e-01
   9.9936831e-01
   9.9936839e-01
   9.9936850e-01
   9.9936880e-01
   9.9936920e-01
   9.9936965e-01
   9.9937051e-01
   9.9937051e-01
   9.9937051e-01
   9.9937062e-01
   9.9937059e-01
   9.9937065e-01
   9.9937065e-01
   9.9937065e-01
   9.9937086e-01
   9.9937086e-01
   9.9937086e-01
   9.9937097e-01
   9.9937100e-01
   9.9937113e-01
   9.9937140e-01
   9.9937135e-01
   9.9937137e-01
   9.9937175e-01
   9.9937212e-01
   9.9937282e-01
   9.9937282e-01
   9.9937349e-01
   9.9937422e-01
   9.9937475e-01
   9.9937575e-01
   9.9937671e-01
   9.9937924e-01
   9.9938332e-01
   9.9938705e-01
   9.9939234e-01
   9.9939811e-01
   9.9941080e-01
   9.9941615e-01
   9.9941615e-01
   9.9941668e-01
   9.9941668e-01
   9.9941668e-01
   9.9941698e-01
   9.9941741e-01
   9.9941741e-01
   9.9941770e-01
   9.9941770e-01
   9.9941770e-01
   9.9941770e-01
   9.9941811e-01
   9.9941811e-01
   9.9941811e-01
   9.9941811e-01
   9.9941827e-01
   9.9941859e-01
   9.9941947e-01
   9.9941953e-01
   9.9941953e-01
   9.9941974e-01
   9.9941974e-01
   9.9941985e-01
   9.9941985e-01
   9.9941985e-01
   9.9941985e-01
   9.9941985e-01
   9.9941985e-01
   9.9941985e-01
   9.9941985e-01
   9.9942015e-01
   9.9942015e-01
   9.9942015e-01
   9.9942015e-01
   9.9942015e-01
   9.9942015e-01
   9.9942009e-01
   9.9942033e-01
   9.9942033e-01
   9.9942047e-01
   9.9942047e-01
   9.9942047e-01
   9.9942050e-01
   9.9942058e-01
   9.9942087e-01
   9.9942095e-01
   9.9942119e-01
   9.9942119e-01
   9.9942119e-01
   9.9942119e-01
   9.9942125e-01
   9.9942127e-01
   9.9942133e-01
   9.9942133e-01
   9.9942138e-01
   9.9942135e-01
   9.9942143e-01
   9.9942141e-01
   9.9942143e-01
   9.9942143e-01
   9.9942165e-01
   9.9942181e-01
   9.9942181e-01
   9.9942181e-01
   9.9942181e-01
   9.9942181e-01
   9.9942181e-01
   9.9942181e-01
   9.9942186e-01
   9.9942192e-01
   9.9942192e-01
   9.9942192e-01
   9.9942194e-01
   9.9942189e-01
   9.9942189e-01
   9.9942189e-01
   9.9942194e-01
   9.9942194e-01
   9.9942200e-01
   9.9942197e-01
   9.9942192e-01
   9.9942200e-01
   9.9942205e-01
   9.9942205e-01
   9.9942205e-01
   9.9942203e-01
   9.9942203e-01
   9.9942208e-01
   9.9942208e-01
   9.9942211e-01
   9.9942211e-01
   9.9942211e-01
   9.9942211e-01
   9.9942205e-01
   9.9942205e-01
   9.9942208e-01
   9.9942216e-01
   9.9942219e-01
   9.9942224e-01
   9.9942224e-01
   9.9942224e-01
   9.9942219e-01
   9.9942224e-01
   9.9942229e-01
   9.9942235e-01
   9.9942235e-01
   9.9942240e-01
   9.9942240e-01
   9.9942251e-01
   9.9942245e-01
   9.9942245e-01
   9.9942245e-01
   9.9942254e-01
   9.9942254e-01
   9.9942254e-01
   9.9942256e-01
   9.9942259e-01
   9.9942259e-01
   9.9942262e-01
   9.9942262e-01
   9.9942267e-01
   9.9942267e-01
   9.9942264e-01
   9.9942275e-01
   9.9942272e-01
   9.9942278e-01
   9.9942280e-01
   9.9942280e-01
   9.9942280e-01
   9.9942280e-01
   9.9942286e-01
   9.9942283e-01
   9.9942288e-01
   9.9942288e-01
   9.9942291e-01
   9.9942299e-01
   9.9942299e-01
   9.9942305e-01
   9.9942329e-01
   9.9942342e-01
   9.9942377e-01
   9.9942393e-01
   9.9942390e-01
   9.9942417e-01
   9.9942463e-01
   9.9942498e-01
   9.9942522e-01
   9.9942552e-01
   9.9942552e-01
   9.9942552e-01
   9.9942565e-01
   9.9942568e-01
   9.9942592e-01
   9.9942611e-01
   9.9942613e-01
   9.9942632e-01
   9.9942648e-01
   9.9942648e-01
   9.9942678e-01
   9.9942718e-01
   9.9942782e-01
   9.9942825e-01
   9.9942833e-01
   9.9942860e-01
   9.9942903e-01
   9.9943062e-01
   9.9943252e-01
   9.9943561e-01
   9.9943816e-01
   9.9944170e-01
   9.9944235e-01
   9.9944852e-01
   9.9945526e-01
   9.9947676e-01
   9.9949666e-01
   9.9953041e-01
   9.9956714e-01
   9.9960315e-01
   9.9960597e-01
   9.9960597e-01
   9.9960686e-01
   9.9960686e-01
   9.9960686e-01
   9.9960686e-01
   9.9960715e-01
   9.9960715e-01
   9.9960715e-01
   9.9960715e-01
   9.9960729e-01
   9.9960729e-01
   9.9960729e-01
   9.9960729e-01
   9.9960729e-01
   9.9960729e-01
   9.9960729e-01
   9.9960729e-01
   9.9960729e-01
   9.9960729e-01
   9.9960729e-01
   9.9960729e-01
   9.9960729e-01
   9.9960729e-01
   9.9960729e-01
   9.9960729e-01
   9.9960729e-01
   9.9960729e-01
   9.9960729e-01
   9.9960729e-01
   9.9960729e-01
   9.9960747e-01
   9.9960747e-01
   9.9960750e-01
   9.9960758e-01
   9.9960772e-01
   9.9960777e-01
   9.9960777e-01
   9.9960796e-01
   9.9960796e-01
   9.9960807e-01
   9.9960807e-01
   9.9960807e-01
   9.9960807e-01
   9.9960807e-01
   9.9960812e-01
   9.9960812e-01
   9.9960812e-01
   9.9960820e-01
   9.9960820e-01
   9.9960820e-01
   9.9960820e-01
   9.9960815e-01
   9.9960815e-01
   9.9960817e-01
   9.9960817e-01
   9.9960823e-01
   9.9960820e-01
   9.9960833e-01
   9.9960833e-01
   9.9960833e-01
   9.9960833e-01
   9.9960841e-01
   9.9960839e-01
   9.9960839e-01
   9.9960841e-01
   9.9960841e-01
   9.9960841e-01
   9.9960841e-01
   9.9960839e-01
   9.9960839e-01
   9.9960839e-01
   9.9960839e-01
   9.9960839e-01
   9.9960850e-01
   9.9960841e-01
   9.9960847e-01
   9.9960852e-01
   9.9960852e-01
   9.9960850e-01
   9.9960850e-01
   9.9960850e-01
   9.9960852e-01
   9.9960858e-01
   9.9960858e-01
   9.9960858e-01
   9.9960860e-01
   9.9960855e-01
   9.9960863e-01
   9.9960866e-01
   9.9960863e-01
   9.9960866e-01
   9.9960879e-01
   9.9960895e-01
   9.9960911e-01
   9.9960927e-01
   9.9960935e-01
   9.9960941e-01
   9.9960941e-01
   9.9960941e-01
   9.9960941e-01
   9.9960941e-01
   9.9960944e-01
   9.9960944e-01
   9.9960941e-01
   9.9960941e-01
   9.9960944e-01
   9.9960944e-01
   9.9960949e-01
   9.9960949e-01
   9.9960949e-01
   9.9960949e-01
   9.9960949e-01
   9.9960949e-01
   9.9960949e-01
   9.9960954e-01
   9.9960954e-01
   9.9960954e-01
   9.9960954e-01
   9.9960954e-01
   9.9960954e-01
   9.9960954e-01
   9.9960957e-01
   9.9960957e-01
   9.9960954e-01
   9.9960954e-01
   9.9960957e-01
   9.9960957e-01
   9.9960960e-01
   9.9960960e-01
   9.9960960e-01
   9.9960960e-01
   9.9960960e-01
   9.9960960e-01
   9.9960960e-01
   9.9960960e-01
   9.9960962e-01
   9.9960962e-01
   9.9960962e-01
   9.9960962e-01
   9.9960968e-01
   9.9960973e-01
   9.9960978e-01
   9.9960989e-01
   9.9961008e-01
   9.9961032e-01
   9.9961032e-01
   9.9961032e-01
   9.9961035e-01
   9.9961038e-01
   9.9961038e-01
   9.9961038e-01
   9.9961038e-01
   9.9961038e-01
   9.9961040e-01
   9.9961038e-01
   9.9961038e-01
   9.9961038e-01
   9.9961040e-01
   9.9961043e-01
   9.9961043e-01
   9.9961043e-01
   9.9961040e-01
   9.9961040e-01
   9.9961040e-01
   9.9961040e-01
   9.9961043e-01
   9.9961040e-01
   9.9961043e-01
   9.9961043e-01
   9.9961043e-01
   9.9961043e-01
   9.9961043e-01
   9.9961043e-01
   9.9961043e-01
   9.9961043e-01
   9.9961043e-01
   9.9961043e-01
   9.9961043e-01
   9.9961043e-01
   9.9961043e-01
   9.9961043e-01
   9.9961043e-01
   9.9961043e-01
   9.9961043e-01
   9.9961043e-01
   9.9961043e-01
   9.9961043e-01
   9.9961043e-01
   9.9961043e-01
   9.9961043e-01
   9.9961046e-01
   9.9961046e-01
   9.9961046e-01
   9.9961054e-01
   9.9961056e-01
   9.9961062e-01
   9.9961070e-01
   9.9961083e-01
   9.9961105e-01
   9.9961129e-01
   9.9961132e-01
   9.9961132e-01
   9.9961134e-01
   9.9961132e-01
   9.9961132e-01
   9.9961134e-01
   9.9961134e-01
   9.9961134e-01
   9.9961134e-01
   9.9961134e-01
   9.9961134e-01
   9.9961134e-01
   9.9961134e-01
   9.9961134e-01
   9.9961134e-01
   9.9961137e-01
   9.9961137e-01
   9.9961137e-01
   9.9961137e-01
   9.9961134e-01
   9.9961134e-01
   9.9961134e-01
   9.9961137e-01
   9.9961137e-01
